cpu  226589 809 155529 28262716 64384 0 4622 0 0 1
cpu0 52771 42 38208 7062519 19406 0 3327 0 0 0
cpu1 59120 468 40266 7065752 15877 0 437 0 0 0
cpu2 55967 0 39340 7068847 14410 0 446 0 0 0
cpu3 58731 299 37715 7065595 14690 0 412 0 0 0
intr 18699322 0 0 0 0 0 0 0 0 0 0 0 0 0 0 0 0 0 172459 75 0 0 0 0 0 0 0 0 0 0 0 0 0 0 0 0 0 0 0 0 0 0 0 352 0 205052 0 0 0 0 0 0 0 0 0 0 0 1765770 0 0 0 0 0 0 0 0 0 0 0 0 0 0 0 0 0 0 0 0 0 0 0 127157 0 0 0 0 0 4161 0 0 0 0 0 0 0 0 0 0 0 0 0 0 0 0 0 0 0 0 0 0 0 0 0 0 0 0 0 0 0 0 0 0 0 0 0 0 0 0 0 0 0 0 0 0 0 0 0 0 0 0 0 0 0 0 0 0 0 0 0 0 0 0 0 0 0 0 0 0 0 0 0 0 0 9659626 0 0 0 0
ctxt 31817343
btime 1605405608
processes 132325
procs_running 1
procs_blocked 0
softirq 8217944 464230 2120313 31658 273881 240417 0 1151556 2087250 437 1848202